birth,death,dim
0.0,0.01930418710979638,0
0.0,0.019441623874949132,0
0.0,0.019458612504545284,0
0.0,0.019609305881817436,0
0.0,0.01964318366606535,0
0.0,0.019694702137074308,0
0.0,0.01975427588400896,0
0.0,0.019767088517039916,0
0.0,0.01986546057250334,0
0.0,0.01993704811800404,0
0.0,0.019968491270953615,0
0.0,0.020109512589778708,0
0.0,0.020161737761750443,0
0.0,0.02019208105668001,0
0.0,0.02029066336949005,0
0.0,0.020334626157970843,0
0.0,0.020363388752048774,0
0.0,0.020364111881409085,0
0.0,0.020366440150340413,0
0.0,0.020400079459653848,0
0.0,0.020402477012321955,0
0.0,0.020429341230840975,0
0.0,0.020466397305145607,0
0.0,0.020467088901004283,0
0.0,0.020518482468680245,0
0.0,0.02054335947924154,0
0.0,0.02057616677475839,0
0.0,0.020632819933139642,0
0.0,0.020678078366261936,0
0.0,0.020689766175142146,0
0.0,0.02071282854268691,0
0.0,0.020742890337494685,0
0.0,0.02077485816147972,0
0.0,0.020798126703993537,0
0.0,0.020814385533203947,0
0.0,0.020828096255787514,0
0.0,0.020831109546566525,0
0.0,0.02088557221674668,0
0.0,0.020933642369997323,0
0.0,0.02095661090184643,0
0.0,0.02096122353152316,0
0.0,0.020974771943879814,0
0.0,0.02099702943898656,0
0.0,0.021027254025648447,0
0.0,0.021029228074385464,0
0.0,0.02104610494239807,0
0.0,0.02105371783558178,0
0.0,0.02106669447409935,0
0.0,0.021099133353371227,0
0.0,0.0211775573143314,0
0.0,0.021215174239624456,0
0.0,0.021264271333911552,0
0.0,0.021291725026201972,0
0.0,0.02131940254061073,0
0.0,0.021381270806569076,0
0.0,0.02140604370041906,0
0.0,0.021503948570399112,0
0.0,0.02150429406943545,0
0.0,0.021514779847259243,0
0.0,0.021528597923090226,0
0.0,0.02163037825953603,0
0.0,0.021674447358721226,0
0.0,0.021692051353900767,0
0.0,0.021721984199343704,0
0.0,0.02174144698887437,0
0.0,0.021749656390538663,0
0.0,0.021811429723461884,0
0.0,0.02182283115061229,0
0.0,0.02183689986664502,0
0.0,0.021843673560001796,0
0.0,0.021844490482637067,0
0.0,0.021854085520664233,0
0.0,0.021902555292102294,0
0.0,0.021920460555678936,0
0.0,0.0219222658209611,0
0.0,0.021932315580932945,0
0.0,0.02195533912381379,0
0.0,0.021964771276769497,0
0.0,0.021977525025581954,0
0.0,0.022000416085198298,0
0.0,0.022002275799223783,0
0.0,0.022011504855481746,0
0.0,0.022037867825885127,0
0.0,0.02208561927885411,0
0.0,0.022124489407366225,0
0.0,0.022131951588218384,0
0.0,0.022171343065751137,0
0.0,0.02219507537334162,0
0.0,0.022227155279200828,0
0.0,0.022241172689074974,0
0.0,0.022277998350067642,0
0.0,0.02229229357233814,0
0.0,0.02232944605631218,0
0.0,0.022348869197902823,0
0.0,0.022421732728983707,0
0.0,0.022467532051813895,0
0.0,0.02254115198802662,0
0.0,0.02254864520494353,0
0.0,0.022563922514811787,0
0.0,0.02259866385608132,0
0.0,0.02260307398798224,0
0.0,0.022623304829253756,0
0.0,0.022639717476395285,0
0.0,0.022645143059188164,0
0.0,0.022651329274411984,0
0.0,0.02265418527204524,0
0.0,0.022668020297775683,0
0.0,0.022713543133306056,0
0.0,0.022723692309497064,0
0.0,0.022766488196155253,0
0.0,0.022824724431041516,0
0.0,0.022840745600736376,0
0.0,0.022851951674341796,0
0.0,0.022866648683136037,0
0.0,0.022880942281324743,0
0.0,0.022887214025328718,0
0.0,0.022916452308957044,0
0.0,0.022918435708117954,0
0.0,0.022921718541129576,0
0.0,0.02293160552567286,0
0.0,0.022932801494281896,0
0.0,0.02296622304037139,0
0.0,0.023002050548098316,0
0.0,0.02302722549869156,0
0.0,0.0231051684694636,0
0.0,0.023111877683593778,0
0.0,0.023120014594730936,0
0.0,0.023134734514362692,0
0.0,0.02321125866030399,0
0.0,0.023240728453602737,0
0.0,0.023361582552645768,0
0.0,0.023379047374706766,0
0.0,0.023400623409420875,0
0.0,0.02340616864795649,0
0.0,0.02342169982997889,0
0.0,0.0234637521956098,0
0.0,0.023472678756364426,0
0.0,0.02347326410174113,0
0.0,0.023500187295677554,0
0.0,0.02351140866887075,0
0.0,0.02354802700470626,0
0.0,0.023549561480204793,0
0.0,0.02356305885645329,0
0.0,0.02356400269561185,0
0.0,0.0235933924259513,0
0.0,0.023596367588606657,0
0.0,0.02360633380896249,0
0.0,0.023739002862339622,0
0.0,0.023746549544028807,0
0.0,0.02377953560907736,0
0.0,0.023793209527157258,0
0.0,0.02383697898954224,0
0.0,0.023840435147432972,0
0.0,0.023853118512776213,0
0.0,0.023917993666241408,0
0.0,0.023943986139616517,0
0.0,0.023952748689063583,0
0.0,0.02397064595653977,0
0.0,0.02400192643785219,0
0.0,0.024038010402416137,0
0.0,0.024064037330430336,0
0.0,0.024138635442476717,0
0.0,0.024181642610384416,0
0.0,0.024207162844661963,0
0.0,0.024211604298703355,0
0.0,0.02422633468213551,0
0.0,0.024266498499772696,0
0.0,0.02431617646482464,0
0.0,0.024319567791523722,0
0.0,0.024323333689819433,0
0.0,0.024335114189575305,0
0.0,0.02434622328405047,0
0.0,0.024349919213608292,0
0.0,0.0243631516450222,0
0.0,0.02439515828730681,0
0.0,0.024397109023944544,0
0.0,0.024397111194417644,0
0.0,0.024408984357992665,0
0.0,0.02442046775105326,0
0.0,0.024424469177295394,0
0.0,0.02443129706764598,0
0.0,0.024444784185232122,0
0.0,0.024459227392612796,0
0.0,0.02446538312687355,0
0.0,0.024497809709607292,0
0.0,0.02450625920281988,0
0.0,0.02450967956208254,0
0.0,0.024510077273377884,0
0.0,0.02453541876025238,0
0.0,0.024537495368654336,0
0.0,0.0245504104721103,0
0.0,0.02456609167216888,0
0.0,0.02457209721126853,0
0.0,0.024575335885857984,0
0.0,0.024577992082272924,0
0.0,0.024598605499020185,0
0.0,0.024623910089419523,0
0.0,0.02462563331035698,0
0.0,0.02463958868964684,0
0.0,0.024703316900622607,0
0.0,0.024703962544404018,0
0.0,0.024730842380312656,0
0.0,0.02473858432682904,0
0.0,0.024766503595516572,0
0.0,0.02479454947218928,0
0.0,0.02481499876970512,0
0.0,0.024836880835673526,0
0.0,0.02485728621423144,0
0.0,0.02487414603837474,0
0.0,0.02488933683575689,0
0.0,0.024889374769180607,0
0.0,0.024909537041595004,0
0.0,0.024943990867646766,0
0.0,0.024969315126868872,0
0.0,0.024997517652818817,0
0.0,0.02500531549954457,0
0.0,0.025014790253625463,0
0.0,0.02502644405956935,0
0.0,0.025029759202245424,0
0.0,0.025032142465869628,0
0.0,0.025038004496395885,0
0.0,0.025077626102925493,0
0.0,0.025102534757220303,0
0.0,0.025124705894340484,0
0.0,0.025133822192258345,0
0.0,0.025161274106269383,0
0.0,0.025181857634331447,0
0.0,0.025182589594178212,0
0.0,0.02520577200501882,0
0.0,0.0252076344464148,0
0.0,0.025219300726639922,0
0.0,0.025222967900418183,0
0.0,0.025263932848629284,0
0.0,0.025282170077819202,0
0.0,0.025285669584867037,0
0.0,0.025324024030852793,0
0.0,0.025343216356915988,0
0.0,0.025345216192510445,0
0.0,0.025362985824344427,0
0.0,0.025372542835547646,0
0.0,0.025402542918098774,0
0.0,0.025471362101940946,0
0.0,0.02548373044126365,0
0.0,0.025484510055969724,0
0.0,0.025510873644888687,0
0.0,0.025523373992861875,0
0.0,0.025547625235736667,0
0.0,0.0255794153907823,0
0.0,0.025582855429731696,0
0.0,0.025600579645225215,0
0.0,0.025606974489895552,0
0.0,0.025608143184342378,0
0.0,0.025630032003529424,0
0.0,0.025677802123546308,0
0.0,0.025705654631033026,0
0.0,0.025705702643753454,0
0.0,0.025711786481216352,0
0.0,0.025724071816728155,0
0.0,0.025768341996189954,0
0.0,0.025793486493459205,0
0.0,0.025795546171544927,0
0.0,0.025796742960663845,0
0.0,0.02581966963525405,0
0.0,0.02585673499606616,0
0.0,0.025858612243133787,0
0.0,0.025885528683553146,0
0.0,0.025893444445934475,0
0.0,0.025903222507693065,0
0.0,0.02592593087866674,0
0.0,0.025949955538136664,0
0.0,0.025957825375923116,0
0.0,0.025965533314024524,0
0.0,0.026002817617005552,0
0.0,0.026012724685754378,0
0.0,0.026038093922504762,0
0.0,0.026049373716260968,0
0.0,0.026050380561082026,0
0.0,0.0261074282781867,0
0.0,0.026125855901555948,0
0.0,0.026154199656466592,0
0.0,0.026171776470329963,0
0.0,0.026275762668693987,0
0.0,0.026307375054722363,0
0.0,0.02632546011037161,0
0.0,0.02634867160323985,0
0.0,0.02634907951996583,0
0.0,0.026389524720609896,0
0.0,0.026403537974555295,0
0.0,0.026407918086194842,0
0.0,0.02642445270790159,0
0.0,0.02642472700964064,0
0.0,0.026443867907022908,0
0.0,0.026454976254484244,0
0.0,0.02647507583672876,0
0.0,0.026483874984692752,0
0.0,0.026513257182314915,0
0.0,0.026518574855790577,0
0.0,0.026526362704740857,0
0.0,0.02653187825474486,0
0.0,0.026533271190437024,0
0.0,0.026540690304572383,0
0.0,0.02656834010217563,0
0.0,0.026628408570810592,0
0.0,0.026647885652373495,0
0.0,0.026648250714368077,0
0.0,0.026680141352378818,0
0.0,0.02670244611667429,0
0.0,0.026705092343276966,0
0.0,0.026709886692715474,0
0.0,0.02681366198679239,0
0.0,0.02682770316229077,0
0.0,0.026841200757217284,0
0.0,0.026855275799948574,0
0.0,0.02685735327503853,0
0.0,0.02687687405900392,0
0.0,0.02701745970504031,0
0.0,0.027047872487998326,0
0.0,0.027058045747581763,0
0.0,0.027073668015222006,0
0.0,0.027104031794085822,0
0.0,0.027174744574844846,0
0.0,0.02718974469558053,0
0.0,0.027238646947609413,0
0.0,0.027244411075260107,0
0.0,0.027281900992361798,0
0.0,0.0273813557165665,0
0.0,0.02739160932913977,0
0.0,0.027395513688057024,0
0.0,0.02741022224360504,0
0.0,0.027587986805711655,0
0.0,0.027610878485867386,0
0.0,0.02761650371909029,0
0.0,0.027653433345082856,0
0.0,0.02773445646843527,0
0.0,0.027794708944085107,0
0.0,0.027853580838888822,0
0.0,0.027893418706314427,0
0.0,0.02796879519766961,0
0.0,0.02798466043610116,0
0.0,0.02811497592706494,0
0.0,0.028135218758445952,0
0.0,0.028149855136015832,0
0.0,0.02822209222450046,0
0.0,0.02823568626355037,0
0.0,0.0282525407986913,0
0.0,0.028265923723477887,0
0.0,0.028345976985847114,0
0.0,0.02855189257383846,0
0.0,0.02863893468728422,0
0.0,0.028687499390462817,0
0.0,0.028698384914080874,0
0.0,0.02877317528224986,0
0.0,0.028802092504452037,0
0.0,0.02880227203312428,0
0.0,0.028919098099432647,0
0.0,0.028965925406599428,0
0.0,0.029078627378534394,0
0.0,0.029308971363842008,0
0.0,0.02931191100062572,0
0.0,0.029311964092056973,0
0.0,0.02932594758703499,0
0.0,0.029342329922837727,0
0.0,0.029545793251225357,0
0.0,0.02955561301181513,0
0.0,0.02956674626780282,0
0.0,0.029601430442690375,0
0.0,0.029612671690809843,0
0.0,0.02975232300500426,0
0.0,0.029826175485099086,0
0.0,0.03013044865841412,0
0.0,0.030175334755247776,0
0.0,0.03021112218134056,0
0.0,0.030398738968309108,0
0.0,0.03042514953004888,0
0.0,0.030460833957319383,0
0.0,0.030529439978945548,0
0.0,0.030739387528663814,0
0.0,0.030943647305114123,0
0.0,0.030958069679828483,0
0.0,0.030994897169949708,0
0.0,0.03136890812337061,0
0.0,0.0313783585447597,0
0.0,0.03143557108386649,0
0.0,0.03152725704054515,0
0.0,0.031529210449663184,0
0.0,0.03162936506865593,0
0.0,0.03205083212779773,0
0.0,0.03206097198336869,0
0.0,0.03207883241589258,0
0.0,0.032396306766893784,0
0.0,0.03256549608351485,0
0.0,0.03262052586398154,0
0.0,0.03262754889847787,0
0.0,0.032670866134957045,0
0.0,0.033117205888308444,0
0.0,0.03311980073503744,0
0.0,0.0356082601783958,0
0.0,0.03626148627328787,0
0.0,0.04042785344715382,0
0.0,Inf,0
0.03926387465744784,0.03931335392904908,1
0.03272513369519157,0.032794877678692054,1
0.0288709974321756,0.02898721236052953,1
0.03601522510133747,0.03613906149644159,1
0.03452912786153058,0.034702326420014896,1
0.038394258315061505,0.03865114258015957,1
0.028663907404955488,0.028931834055445006,1
0.02895139326885365,0.029254389567777345,1
0.04072595288799082,0.04109980631900109,1
0.026309727099375103,0.026687204562319638,1
0.026833145813639214,0.027378660486389293,1
0.03866678153568543,0.039263945143646437,1
0.02705793373398469,0.027807754885277706,1
0.03882529454240472,0.03961383049372851,1
0.025500544093622336,0.026296165223805047,1
0.03287355224128505,0.03373225543358175,1
0.03129701101804728,0.03219726394914581,1
0.039775990292406825,0.0407137985580199,1
0.03518040430941806,0.03633763106168463,1
0.03243077524258822,0.0336292739578113,1
0.03563078118840263,0.03685376131425009,1
0.028395020121904032,0.029637364974399467,1
0.034052610583924975,0.035460952218867955,1
0.03247987636199153,0.03391453814629262,1
0.03613847601861896,0.03767628032186695,1
0.03792521907402664,0.039491805417971294,1
0.030754196970708535,0.03235203000196792,1
0.035000903968159365,0.036751753146563954,1
0.03212838906243558,0.033984836111622986,1
0.025922526591350945,0.02781579507792836,1
0.03508133215953195,0.037005344048318935,1
0.03424303871386038,0.03623857430461847,1
0.03216397258957117,0.03416669448478519,1
0.03919667664346499,0.04135729731710416,1
0.03045702858206754,0.03263437054218027,1
0.02875146945403266,0.030960772995182583,1
0.03863318366237908,0.04085166884377376,1
0.03800424874163059,0.040278172927480704,1
0.03129354964189896,0.03358437913843769,1
0.03348792923963409,0.03579235143261517,1
0.028195370883193575,0.030568400697554836,1
0.03385563529758032,0.03623857430461847,1
0.03254278226514649,0.03501593481300709,1
0.03516509947905025,0.03765757397530576,1
0.033537883871712665,0.03604910771993475,1
0.032371960742300206,0.03493595961146968,1
0.02746544957063769,0.030111668697729056,1
0.034450552225613794,0.03713492776198289,1
0.0330684009374379,0.03583863573035509,1
0.029504013667189896,0.03233298290414379,1
0.023992559948147717,0.026883255680253668,1
0.03163978213092782,0.03454184083476275,1
0.03097613444286619,0.033914879337693625,1
0.03863670617685077,0.04168701111470023,1
0.024689489804085255,0.02779600282154451,1
0.03108616393970067,0.03446860727168713,1
0.03310262882748782,0.03655177101908259,1
0.03274037947658158,0.0362223507776465,1
0.028074981596023934,0.03157620956742525,1
0.036495621396968665,0.04014876081610782,1
0.035398913378546545,0.03910748515469634,1
0.03151692516215465,0.03533297692609331,1
0.03329345488289395,0.03719120933410981,1
0.028556481764970516,0.03254347106927697,1
0.035431768263850354,0.03949820462521303,1
0.03263768158511785,0.036772582971986344,1
0.026667447816875498,0.030808481763459582,1
0.027931558305768548,0.03207504435505992,1
0.031792171664323916,0.03593900022923055,1
0.025642604647318996,0.030024399455835203,1
0.029086728780378504,0.0335844749761426,1
0.03356091240430958,0.038305517720378025,1
0.031113712555604165,0.03586445369264713,1
0.033233624300042605,0.03798521683126134,1
0.03263963565325672,0.03756263045108122,1
0.029748362092713265,0.03472269503472962,1
0.031737146489064706,0.03674984314468458,1
0.034898390299420996,0.039964763892933644,1
0.029153920251730442,0.03422048904220337,1
0.028001613096907275,0.03312176124678117,1
0.02566769834034265,0.030868530486357734,1
0.035057813062088675,0.040302994327863724,1
0.029771643842767172,0.03502326009665265,1
0.03399671240970643,0.039341338744096344,1
0.028413041828759898,0.03376086624865173,1
0.034328663489992875,0.03981420380270126,1
0.03258129842830953,0.03809472782968059,1
0.030034995276759527,0.035566597762277524,1
0.03495184434895649,0.040518820433113084,1
0.03275009174200951,0.03845210035315258,1
0.03459671650278668,0.040309101523047335,1
0.0275927643281736,0.03330919234200156,1
0.02718989295062906,0.03290713956777044,1
0.033765942305104026,0.03956680721741711,1
0.03535349709205038,0.04121054512743154,1
0.023074660895188833,0.028980247126541504,1
0.03305306717745703,0.0390637161157772,1
0.03504592014454313,0.04107722534922956,1
0.02164128447821294,0.027703179597658435,1
0.027917179354766546,0.03412525057604911,1
0.0320040217439714,0.03822812632201582,1
0.03418911848407423,0.040448086187829295,1
0.024368430877523342,0.030673524047174123,1
0.02784161398675203,0.03415935149402801,1
0.029776623362812223,0.03611245174172744,1
0.029094004207209912,0.03554039736203316,1
0.03285506715782722,0.039321699323365704,1
0.02633824155213346,0.03286330287245551,1
0.02960331744992142,0.03621988605422111,1
0.030317712159562093,0.036942920846399496,1
0.02765922938818806,0.03428865987120162,1
0.03270856034090984,0.039342411955481764,1
0.03616280620679741,0.04279915093019094,1
0.034401842847396134,0.04109980631900109,1
0.03186161210695259,0.03874176101812609,1
0.026279140782375483,0.03347705135588231,1
0.03188772582228847,0.03923828713479807,1
0.03435973810061566,0.041893918299635194,1
0.02878071175251364,0.03652562390178537,1
0.027540997613995297,0.035329600538784325,1
0.02999428216302099,0.03794964873367117,1
0.02710421964563663,0.035105713119732415,1
0.030656213284044092,0.038937943628706055,1
0.03153782729775844,0.039909799687591146,1
0.03236375071538712,0.04077014956535489,1
0.03316529795238508,0.041605049924132616,1
0.029185081308415434,0.03762576207388465,1
0.0300958104330922,0.03863509567563297,1
0.024884468762279757,0.03348463776468871,1
0.029649939345483396,0.038324590378078394,1
0.028553040787008908,0.037286252915524475,1
0.031869093272752634,0.040717379643853455,1
0.032649417499385866,0.04153120087785395,1
0.03575992631124424,0.04465882550199846,1
0.02895984777551431,0.0379328955049512,1
0.033610796022863564,0.042679800929631376,1
0.025156072923069546,0.03447865267659581,1
0.026065995997922576,0.03542377246097553,1
0.027600086005997945,0.03700206966207937,1
0.02799428183528029,0.03743951072008429,1
0.02841127610145088,0.0379328955049512,1
0.030426855829643242,0.040351107729875525,1
0.026261660702965484,0.03632847259745471,1
0.028486283628801744,0.03872684197620478,1
0.03048373049222799,0.040769344730102484,1
0.031557139068817915,0.04184704089100929,1
0.035603062146410534,0.04590544404597317,1
0.030049400821153337,0.04035788187285324,1
0.0301016560752718,0.04044564936694238,1
0.03165659591889742,0.04200876734526521,1
0.028487840409590424,0.0390049165327896,1
0.03491444314713323,0.045545004664140736,1
0.028366090926652446,0.03899752836838707,1
0.026864493980443067,0.03751464884418018,1
0.03322621321785448,0.04391022550226659,1
0.028861263457631806,0.03975090777553758,1
0.028502114883685984,0.03941427882848257,1
0.03143635176650671,0.04250428144784059,1
0.03241729728220931,0.04372037091435905,1
0.026956377054491276,0.03826825676388264,1
0.03465383234085195,0.04599743869358239,1
0.03149646282959394,0.042918145402016064,1
0.029055571107265823,0.040658830551874026,1
0.03508458322005658,0.04672588888288885,1
0.02977828361143892,0.04148804963794718,1
0.03430243394810559,0.0461490745430639,1
0.038447491698021204,0.05034570971854307,1
0.027164537793563953,0.0394122046156104,1
0.032305764945387845,0.0446472039978913,1
0.02707110945847916,0.03972914554663759,1
0.028480006068587166,0.041157686611513804,1
0.030984474211933587,0.04370381922845269,1
0.03006761907176116,0.04281173341479492,1
0.029617382100196515,0.042684092237296224,1
0.03285090081178278,0.04604171678801856,1
0.02770391149347918,0.04181652655042577,1
0.027394293252351234,0.04152595094038799,1
0.029229954614161942,0.04392150818606395,1
0.03173624249600985,0.04657344040155146,1
0.03204047513701235,0.04700098788196765,1
0.030350827029672237,0.04532790288639878,1
0.038043483391091364,0.05323591943720277,1
0.029474390223657422,0.04470501195612933,1
0.028170682434091602,0.04371600394485035,1
0.02922039224046687,0.04516778798888933,1
0.03128843295318602,0.04769719214618149,1
0.0304199199625269,0.04683559233539074,1
0.027873659385190867,0.044515460972612664,1
0.026126142940328254,0.042992991120791406,1
0.030528123044328736,0.047485119468089615,1
0.026810532015820062,0.04464289467277913,1
0.026203775967074048,0.0448559605060122,1
0.02862470961859324,0.049190353929986726,1
0.03371267144224611,0.05511511589351025,1
0.028036058113848687,0.051657463917460095,1
0.05449658326940415,0.05457792402914721,2
0.05374372149054637,0.05406986668143365,2
0.06498460144539257,0.06569082278249568,2
0.051373481636272804,0.053852441652692984,2
0.05610183302246047,0.05894550335832855,2
0.05348409505814083,0.056412835056144583,2
0.06477888131948781,0.06802268150082165,2
0.05182095599838176,0.05576096147141338,2
0.07108261927032122,0.07823201619187833,2
0.05048316816789511,0.05894550335832855,2
0.052160021109654016,0.06108589402570582,2
0.055569997204065934,0.07705752127755848,2
0.049809075614909756,0.07226633665671721,2
0.05765203000419945,0.20490361417857422,2
